10,223
10,213
10,211
10,165
10,287
10,269
10,7
11,5
11,9
11,12
11,6
8,12
26,4
26,3
26,1
25,4
25,3
25,1
24,3
24,1
23,3
23,1
20,3
20,2
20,1
19,3
19,2
19,1
12,3
12,2
12,1
11,28
11,27
11,25
11,22
11,21
11,15
11,14
11,13
11,11
11,10
11,7
11,4
11,3
11,2
11,1
10,307
10,289
10,286
10,281
10,268
10,246
10,232
10,219
10,212
10,195
10,175
10,174
10,172
18,1
10,162
10,140
18,3
14,1
10,136
14,3
13,1
10,134
13,3
10,105
10,80
10,74
10,29
10,10
10,3
10,2
10,1
9,7
9,6
9,5
9,4
9,3
9,2
9,1
8,18
8,16
8,15
8,14
8,13
8,11
8,10
8,9
8,8
8,7
8,6
8,5
8,4
8,3
8,2
8,1
